0.7832042882668255
0.7843954734961287
0.7760571768910065
0.7772483621203097
0.7790351399642644
0.7677188802858844
0.7897558070279929
0.7820131030375224
0.7760571768910065
0.7695056581298392
0.7784395473496128
0.7706968433591423
0.7706968433591423
0.7689100655151876
0.7802263251935676
0.7748659916617034
0.779630732578916
0.7772483621203097
0.7706968433591423
0.7712924359737939
0.768314472900536
0.7724836212030971
0.7671232876712328
0.7695056581298392
0.7665276950565812
0.7706968433591423
0.7617629541393687
0.7599761762954139
0.7665276950565812
0.7689100655151876
0.7605717689100655
0.7605717689100655
0.7724836212030971
0.7730792138177487
0.768314472900536
0.7659321024419298
0.7629541393686718
0.7742703990470519
0.7665276950565812
0.7671232876712328
0.7659321024419298
0.7736748064324003
0.7706968433591423
0.7677188802858844
0.7629541393686718
0.7605717689100655
0.7611673615247171
0.7558070279928529
0.7671232876712328
0.7665276950565812
